AK=1bPCSYMA8WEgUd8HuxrvKGi8uRnGEZ1T
serviceId=131334
longitude = 117.65121
latitude = 24.51839
